Estudio 1
Muestra 1 - 12.00, 5.12, 10.75, 45.84, 12.94, 65.38, 72.24, 9.58
Muestra 2 - 1.64, 8.58, 1.08, 39.38, 2.40, 23.54, 2.48, 2.87
Muestra 3 - 59.39, 63.12, 5.56, 1.34, 5.58, 87.47, 5.54
Muestra 4 - 23.54, 2.40, 1.64, 72.24, 39.38, 8.58, 1.08, 39.38, 5.56, 1.34

Estudio 2
Muestra 1 - 12.00, 5.12, 10.75, 12.00, 12.94, 65.38, 72.24, 9.58
Muestra 2 - 1.64, 8.58, 1.08, 39.38, 2.40, 23.54, 2.48, 2.87
Muestra 3 - 59.39, 63.12, 5.56, 1.34, 5.58, 87.47, 5.54
Muestra 4 - 23.54, 2.40, 1.64, 72.24, 39.38, 8.58, 1.08, 39.38, 5.56, 1.34

Estudio 3
Muestra 1 - 12.00, 5.12, 10.75, 45.84, 12.94, 65.38, 72.24, 9.58
Muestra 2 - 1.64, 8.58, 1.08, 39.38, 2.40, 23.54, 2.48, 2.87
Muestra 3 - 59.39, 63.12, 5.56, 1.34, 5.58, 87.47, 5.54
Muestra 4 - 23.54, 2.40, 1.64, 72.24, 39.38, 8.58, 1.08, 39.38, 5.56, 1.34

Estudio 4
Muestra 1 - 12.00, 5.12, 10.75, 45.84, 12.94, 65.38, 72.24, 9.58
Muestra 2 - 1.64, 8.58, 1.08, 39.38, 2.40, 23.54, 2.48, 2.87
Muestra 3 - 59.39, 63.12, 5.56, 1.34, 5.58, 87.47, 5.54
Muestra 4 - 23.54, 2.40, 1.64, 72.24, 39.38, 8.58, 1.08, 39.38, 5.56, 1.34